              precision    recall  f1-score   support

          TV      0.864     0.704     0.776        54
       after      0.273     0.310     0.290        29
    airplane      0.979     0.839     0.904        56
         all      0.781     0.676     0.725        37
   alligator      0.814     0.686     0.745        51
      animal      0.484     0.652     0.556        46
     another      0.787     0.860     0.822        43
         any      0.677     0.750     0.712        28
       apple      0.765     0.830     0.796        47
         arm      0.605     0.821     0.697        28
        aunt      0.849     0.818     0.833        55
       awake      0.457     0.382     0.416        55
    backyard      0.533     0.545     0.539        44
         bad      0.507     0.826     0.628        46
     balloon      0.710     0.907     0.797        54
        bath      0.763     0.604     0.674        48
     because      0.900     0.900     0.900        60
         bed      0.846     0.579     0.688        38
     bedroom      0.638     0.536     0.583        56
         bee      0.507     0.735     0.600        49
      before      0.512     0.647     0.571        34
      beside      0.231     0.429     0.300        14
      better      0.692     0.837     0.758        43
        bird      0.911     0.879     0.895        58
       black      0.907     0.867     0.886        45
        blow      0.812     0.929     0.867        42
        blue      0.520     0.531     0.525        49
        boat      0.600     0.500     0.545        36
        book      0.729     0.875     0.795        40
         boy      0.844     0.745     0.792        51
     brother      0.729     0.878     0.796        49
       brown      0.794     0.982     0.878        55
         bug      0.790     0.891     0.838        55
         bye      0.769     0.847     0.806        59
 callonphone      0.897     0.714     0.795        49
         can      0.462     0.450     0.456        40
         car      0.457     0.457     0.457        46
      carrot      0.655     0.306     0.418        62
         cat      0.475     0.404     0.437        47
      cereal      0.543     0.328     0.409        58
       chair      0.458     0.489     0.473        45
       cheek      0.652     0.500     0.566        60
       child      0.429     0.447     0.438        47
        chin      0.630     0.586     0.607        58
   chocolate      0.769     0.690     0.727        58
       clean      0.737     0.400     0.519        35
       close      0.625     0.577     0.600        52
      closet      0.875     0.636     0.737        55
       cloud      0.774     0.453     0.571        53
       clown      0.862     0.949     0.903        59
         cow      0.909     0.893     0.901        56
      cowboy      0.979     0.793     0.876        58
         cry      0.792     0.745     0.768        51
         cut      0.667     0.595     0.629        37
        cute      0.574     0.675     0.621        40
         dad      0.882     0.625     0.732        48
       dance      0.455     0.577     0.508        26
       dirty      0.800     0.744     0.771        43
         dog      0.612     0.588     0.600        51
        doll      0.891     0.950     0.919        60
      donkey      0.855     0.839     0.847        56
        down      0.500     0.565     0.531        23
      drawer      0.536     0.755     0.627        49
       drink      0.789     0.804     0.796        56
        drop      0.457     0.640     0.533        25
         dry      0.864     0.760     0.809        50
       dryer      0.617     0.638     0.627        58
        duck      0.396     0.908     0.551        65
         ear      0.603     0.809     0.691        47
    elephant      0.871     0.628     0.730        43
       empty      0.767     0.561     0.648        41
       every      0.853     0.604     0.707        48
         eye      0.855     0.914     0.883        58
        face      0.723     0.922     0.810        51
        fall      0.622     0.676     0.648        34
        farm      0.828     0.889     0.857        54
        fast      0.378     0.436     0.405        39
        feet      0.850     0.680     0.756        50
        find      0.720     0.375     0.493        48
        fine      0.633     0.373     0.469        51
      finger      0.688     0.393     0.500        56
      finish      0.658     0.862     0.746        58
     fireman      0.980     0.800     0.881        60
       first      0.796     0.750     0.772        52
        fish      0.634     0.542     0.584        48
        flag      0.582     0.765     0.661        51
      flower      0.816     0.554     0.660        56
        food      0.855     0.887     0.870        53
         for      0.843     0.860     0.851        50
 frenchfries      0.686     0.857     0.762        56
        frog      0.794     0.926     0.855        54
     garbage      0.659     0.604     0.630        48
        gift      0.603     0.761     0.673        46
     giraffe      0.719     0.837     0.774        49
        girl      0.685     0.841     0.755        44
        give      0.364     0.154     0.216        26
 glasswindow      0.467     0.275     0.346        51
          go      0.200     0.207     0.203        29
       goose      0.625     0.085     0.149        59
     grandma      0.750     0.545     0.632        44
     grandpa      0.729     0.660     0.693        53
       grass      0.576     0.773     0.660        44
       green      0.734     0.855     0.790        55
         gum      0.848     0.982     0.911        57
        hair      0.750     0.545     0.632        55
       happy      0.754     0.827     0.789        52
         hat      0.647     0.344     0.449        32
        hate      0.523     0.742     0.613        31
        have      0.568     0.556     0.562        45
      haveto      0.346     0.643     0.450        28
        head      0.793     0.590     0.676        39
        hear      0.434     0.660     0.524        50
  helicopter      0.559     0.352     0.432        54
       hello      0.625     0.897     0.737        39
         hen      0.976     0.702     0.816        57
     hesheit      0.804     0.755     0.779        49
        hide      0.923     0.343     0.500        35
        high      0.707     0.967     0.817        30
        home      0.770     0.855     0.810        55
       horse      0.716     0.906     0.800        53
         hot      0.794     0.692     0.740        39
      hungry      0.774     0.649     0.706        37
    icecream      0.847     0.909     0.877        55
          if      0.809     0.844     0.826        45
        into      0.793     0.639     0.708        36
      jacket      0.571     0.516     0.542        31
       jeans      0.568     0.532     0.549        47
        jump      0.419     0.382     0.400        34
        kiss      0.573     0.927     0.708        55
       kitty      0.614     0.614     0.614        57
        lamp      0.534     0.574     0.554        54
       later      0.775     0.674     0.721        46
        like      0.711     0.730     0.720        37
        lion      0.793     0.852     0.821        54
        lips      0.560     0.810     0.662        58
      listen      0.394     0.236     0.295        55
        look      0.750     0.462     0.571        52
        loud      0.471     0.356     0.405        45
         mad      0.868     0.600     0.710        55
        make      0.672     0.736     0.703        53
         man      0.873     0.828     0.850        58
        many      0.667     0.625     0.645        48
        milk      0.597     0.768     0.672        56
      minemy      0.976     0.714     0.825        56
      mitten      0.846     0.830     0.838        53
         mom      0.756     0.654     0.701        52
        moon      0.792     0.731     0.760        52
     morning      0.644     0.617     0.630        47
       mouse      0.895     0.864     0.879        59
       mouth      0.636     0.350     0.452        60
         nap      0.318     0.140     0.194        50
      napkin      0.780     0.920     0.844        50
       night      0.600     0.857     0.706        21
          no      0.810     0.810     0.810        42
       noisy      0.534     0.738     0.620        42
        nose      0.885     0.868     0.876        53
         not      0.800     0.800     0.800        30
         now      0.674     1.000     0.806        29
        nuts      0.950     0.776     0.854        49
         old      0.667     0.429     0.522        28
          on      0.463     0.500     0.481        38
        open      0.704     0.594     0.644        32
      orange      0.930     0.898     0.914        59
     outside      0.558     0.667     0.608        36
        owie      0.588     0.444     0.506        45
         owl      0.887     0.932     0.909        59
     pajamas      0.739     0.680     0.708        50
         pen      0.556     0.192     0.286        52
      pencil      0.518     0.768     0.619        56
       penny      0.542     0.578     0.559        45
      person      0.316     0.300     0.308        20
         pig      0.739     0.694     0.716        49
       pizza      0.560     0.792     0.656        53
      please      0.776     0.912     0.839        57
      police      0.885     0.807     0.844        57
        pool      0.614     0.562     0.587        48
       potty      0.695     0.891     0.781        46
     pretend      0.789     0.588     0.674        51
      pretty      0.806     0.547     0.652        53
       puppy      0.426     0.448     0.437        58
      puzzle      0.414     0.308     0.353        39
       quiet      0.538     0.212     0.304        33
       radio      0.667     0.807     0.730        57
        rain      0.653     0.696     0.674        46
        read      0.429     0.484     0.455        31
         red      0.600     0.706     0.649        51
refrigerator      0.689     0.554     0.614        56
        ride      0.696     0.444     0.542        36
        room      0.519     0.622     0.566        45
         sad      0.864     1.000     0.927        57
        same      0.764     0.792     0.778        53
         say      0.660     0.620     0.639        50
    scissors      0.678     0.851     0.755        47
         see      0.886     0.796     0.839        49
        shhh      0.919     0.966     0.942        59
       shirt      0.667     0.642     0.654        53
        shoe      0.860     0.827     0.843        52
      shower      0.852     0.561     0.676        41
        sick      0.575     0.793     0.667        58
       sleep      0.440     0.673     0.532        49
      sleepy      0.674     0.475     0.558        61
       smile      0.809     0.760     0.784        50
       snack      0.536     0.288     0.375        52
        snow      0.569     0.647     0.606        51
      stairs      0.659     0.519     0.581        52
        stay      0.441     0.455     0.448        33
      sticky      0.543     0.543     0.543        46
       store      0.692     0.794     0.740        34
       story      0.564     0.633     0.596        49
       stuck      0.714     0.761     0.737        46
         sun      0.651     0.528     0.583        53
       table      0.667     0.750     0.706        32
        talk      0.768     0.705     0.735        61
       taste      0.873     0.857     0.865        56
    thankyou      0.560     0.933     0.700        30
        that      0.692     0.587     0.635        46
       there      0.294     0.161     0.208        31
       think      0.618     0.642     0.630        53
     thirsty      0.640     0.889     0.744        54
       tiger      0.842     0.828     0.835        58
        time      0.717     0.750     0.733        44
    tomorrow      0.776     0.776     0.776        49
      tongue      0.353     0.105     0.162        57
       tooth      0.553     0.500     0.525        52
  toothbrush      0.554     0.667     0.605        54
       touch      0.524     0.579     0.550        38
         toy      0.849     0.849     0.849        53
        tree      0.535     0.731     0.618        52
       uncle      0.875     0.982     0.926        57
   underwear      0.791     0.607     0.687        56
          up      0.824     0.808     0.816        52
      vacuum      0.479     0.719     0.575        32
        wait      0.556     0.833     0.667        48
        wake      0.625     0.385     0.476        52
       water      0.610     0.870     0.718        54
         wet      0.281     0.250     0.265        36
        weus      0.460     0.639     0.535        36
       where      0.697     0.885     0.780        52
       white      0.641     0.758     0.694        33
         who      0.902     0.932     0.917        59
         why      0.630     0.690     0.659        42
        will      0.587     0.771     0.667        35
        wolf      0.711     0.871     0.783        31
      yellow      0.864     0.927     0.895        55
         yes      0.534     0.620     0.574        50
   yesterday      0.837     0.837     0.837        43
    yourself      0.854     0.820     0.837        50
       yucky      0.508     0.744     0.604        43
       zebra      0.515     0.362     0.425        47
      zipper      0.235     0.308     0.267        13

    accuracy                          0.680     11826
   macro avg      0.674     0.669     0.659     11826
weighted avg      0.689     0.680     0.672     11826
